19131013
19131030
19131031
19131040
19131041
19131042
19131045
19131046
19131048
19131049
19131050
19131051
19131052
19132008
19132013
19132014
19132016
19132017
19132029
19132030
19132032
19132036
19132037
19132038
19132039
19132064
19132065
19132070
19132071
19132074
19132075
19132076
19132080
19132081
19132082
19132083
19133003
19133004
19133005
19133008
19133059
19133060
19133061
19134007
19134008
19134009
19134024
19134025
19134027
19134028
19134029
19134030
19134036
19134037
19134038
19134041
19134042
19134049
19134050
19135001
19135004
19135012
19135027
19135028
19135029
19135037
19135038
19135039
19135040
19135042
19135043
19136001
19136003
19136004
19136005
19136007
19136008
19136009
19136011
19136012
19136013
19136014
19136017
19136018
19136040
19136041
19136042
19136045
19136046
19136047
19137001
19137002
19137004
19137007
19137008
19137009
19137010
19137011
19137014
19137016
19137019
19137020
19137025
19137026
19137027
19137028
19137029
19138010
19141019
19144013
19156004
19156005
19158003
19158007
19158009
19158010
19158011
19158013
19158014
19158015
19158017
19158018
19158019
